1508184894999  7
1508184895021  50
1508184895190  64
1508184895222  64
1508184895254  64
1508184895273  64
1508184895281  64
1508184973951  9
1508184973965  64
1508184973984  64
1508184974000  64
1508184974011  64
1508184974019  64
1508184974025  64
1508184974035  64
1508184974042  64
1508185005017  7
1508185005033  64
1508185005047  64
1508185005071  64
1508185005114  64
1508185005120  64
1508185005134  64
1508185005147  64
1508185005150  64
1508185005163  64
1508185005167  64
1508185093223  15
1508185093237  64
1508185093253  64
1508185093264  64
1508185093276  64
1508185093292  64
1508185093307  64
1508185093321  64
1508185093337  64
1508185093350  64
1508185093365  64
1508185108596  64
1508185110915  64
1508185113581  64
1508185118608  64
1508185121512  64
1508185123304  64
1508185146826  64
1508185146853  64
1508185146879  64
1508185146908  64
1508185146937  64
1508185146973  40
1508185147040  38
1508185147075  38
1508185147114  38
1508185147154  38
1508185147199  38
1508185147537  28
1508185147586  28
1508185147638  28
1508185147700  28
1508185147701  20
1508185147826  20
1508185147827  20
1508185147910  14
1508185147911  14
1508185147985  10
1508185148066  8
1508185154090  3
1508185154091  4
1508185154103  9
1508185154107  19
1508185154108  19
1508185154109  19
1508185154110  23
1508185154111  27
1508185154111  31
1508185154112  31
1508185154113  31
1508185154120  31
1508185154122  31
1508185154124  36
1508185154125  37
1508185154132  57
1508185154134  57
1508185154136  57
1508185154140  64
