1507930251265  4
1507930251271  5
1507930251288  7
1507930251292  9
1507930251301  11
1507930251308  13
1507930251320  15
1507930339262  4
1507930339272  5
1507930339283  7
1507930339291  9
1507930339300  11
1507930339308  13
1507930339323  15
1507930448998  0
1507930512256  4
1507930512267  5
1507930512272  7
1507930512284  9
1507930512288  11
1507930512295  13
1507930512301  15
1507930530217  2
1507930532949  2
1507930657245  4
1507930657255  5
1507930657259  7
1507930657261  1
1507930657268  9
1507930657276  11
1507930657284  13
1507930657292  15
1507930658778  2
1507930661841  2
1507930671782  2
1507930673557  8
1507930690325  10
1507930694539  12
1507934455266  4
1507934455280  6
1507934455292  7
1507934455294  1
1507934455306  9
1507934455315  23
1507934455329  15
